Averages for dimension of 1500 multiplication
26.20000000000000000000
12.00000000000000000000
8.00000000000000000000
6.60000000000000000000
6.60000000000000000000
6.00000000000000000000
5.60000000000000000000
5.40000000000000000000
5.80000000000000000000
5.80000000000000000000
5.60000000000000000000
5.60000000000000000000
5.80000000000000000000
5.60000000000000000000
5.80000000000000000000
5.60000000000000000000
Averages for dimension of 1750 multiplication
59.40000000000000000000
25.20000000000000000000
16.40000000000000000000
12.60000000000000000000
13.00000000000000000000
11.40000000000000000000
9.40000000000000000000
9.40000000000000000000
9.80000000000000000000
9.80000000000000000000
9.60000000000000000000
10.20000000000000000000
10.00000000000000000000
10.80000000000000000000
10.20000000000000000000
9.80000000000000000000
Averages for dimension of 2000 multiplication
51.60000000000000000000
28.60000000000000000000
17.40000000000000000000
13.00000000000000000000
15.00000000000000000000
15.40000000000000000000
13.40000000000000000000
12.60000000000000000000
13.80000000000000000000
12.80000000000000000000
13.20000000000000000000
14.80000000000000000000
13.20000000000000000000
14.40000000000000000000
13.20000000000000000000
13.80000000000000000000
Averages for dimension of 1000 ^6
35.00000000000000000000
18.60000000000000000000
12.20000000000000000000
10.00000000000000000000
10.40000000000000000000
9.00000000000000000000
8.20000000000000000000
7.40000000000000000000
8.00000000000000000000
8.00000000000000000000
8.40000000000000000000
8.20000000000000000000
7.80000000000000000000
7.40000000000000000000
7.80000000000000000000
8.20000000000000000000
Averages for dimension of 1150 ^6
76.20000000000000000000
40.80000000000000000000
26.60000000000000000000
20.40000000000000000000
17.80000000000000000000
15.80000000000000000000
14.60000000000000000000
14.80000000000000000000
15.00000000000000000000
14.60000000000000000000
14.40000000000000000000
13.60000000000000000000
13.40000000000000000000
13.40000000000000000000
13.80000000000000000000
13.60000000000000000000
Averages for dimension of 1300 ^6
101.80000000000000000000
47.80000000000000000000
32.00000000000000000000
27.80000000000000000000
26.60000000000000000000
24.80000000000000000000
24.40000000000000000000
24.40000000000000000000
22.20000000000000000000
19.40000000000000000000
20.20000000000000000000
21.20000000000000000000
23.40000000000000000000
23.00000000000000000000
22.60000000000000000000
21.80000000000000000000
