2.18333333333333333333
3.27500000000000000000
3.96969696969696969696
3.96969696969696969696
4.36666666666666666666
4.67857142857142857142
4.85185185185185185185
4.51724137931034482758
4.51724137931034482758
4.67857142857142857142
4.67857142857142857142
4.51724137931034482758
4.67857142857142857142
4.51724137931034482758
4.67857142857142857142

2.35714285714285714285
3.62195121951219512195
4.71428571428571428571
4.56923076923076923076
5.21052631578947368421
6.31914893617021276595
6.31914893617021276595
6.06122448979591836734
6.06122448979591836734
6.18750000000000000000
5.82352941176470588235
5.94000000000000000000
5.50000000000000000000
5.82352941176470588235
6.06122448979591836734

1.80419580419580419580
2.96551724137931034482
3.96923076923076923076
3.44000000000000000000
3.35064935064935064935
3.85074626865671641791
4.09523809523809523809
3.73913043478260869565
4.03125000000000000000
3.90909090909090909090
3.48648648648648648648
3.90909090909090909090
3.58333333333333333333
3.90909090909090909090
3.73913043478260869565

1.88172043010752688172
2.86885245901639344262
3.50000000000000000000
3.36538461538461538461
3.88888888888888888888
4.26829268292682926829
4.72972972972972972972
4.37500000000000000000
4.37500000000000000000
4.16666666666666666666
4.26829268292682926829
4.48717948717948717948
4.72972972972972972972
4.48717948717948717948
4.26829268292682926829

1.86764705882352941176
2.86466165413533834586
3.73529411764705882352
4.28089887640449438202
4.82278481012658227848
5.21917808219178082191
5.14864864864864864864
5.08000000000000000000
5.21917808219178082191
5.29166666666666666666
5.60294117647058823529
5.68656716417910447761
5.68656716417910447761
5.52173913043478260869
5.60294117647058823529

2.12970711297071129707
3.18125000000000000000
3.66187050359712230215
3.82706766917293233082
4.10483870967741935483
4.17213114754098360655
4.17213114754098360655
4.58558558558558558558
5.24742268041237113402
5.03960396039603960396
4.80188679245283018867
4.35042735042735042735
4.42608695652173913043
4.50442477876106194690
4.66972477064220183486
